time_matrix 4 10
1 1 2 10 4 6 8 9 7 5 4 7 6 8 9 11 6 5 6 6 4 1 1 2 2 4 3 1 6 2 20 9 5 2 6 3 1 2 3 4 9 5 12 8 4 3 5 3 2 6 3 8 2 5 4 6
4 1 5 4 8 11 5 3 1 10 2 3 2 5 6 4 9 4 2 5 1 3 4 1 3 5 5 2 3 3 17 8 8 5 3 2 2 3 6 1 8 8 5 7 2 5 4 2 3 2 25 5 5 6 5 2
6 3 1 5 7 2 8 6 8 6 3 12 5 7 2 5 2 6 4 4 3 6 2 4 6 6 4 36 2 2 12 7 7 6 2 5 3 6 2 45 5 9 4 9 5 4 5 5 5 4 4 6 6 2 2 11
9 4 5 9 1 7 9 1 5 4 8 1 4 4 4 6 3 3 3 2 2 5 5 5 2 2 2 5 22 12 5 4 4 9 5 6 6 3 5 6 6 5 6 5 6 7 8 6 4 5 8 4 8 5 3 14
3 8 6 8 9 5 4 2 4 9 7 6 1 1 5 2 5 5 6 3 6 4 3 2 5 3 5 2 44 15 9 5 56 8 4 5 5 2 8 2 3 4 3 6 8 5 5 5 6 8 5 2 5 4 5 2
5 10 9 4 6 3 3 6 9 5 4 5 2 2 1 7 8 2 5 2 9 7 6 3 4 5 49 3 11 10 6 8 3 5 7 8 2 1 4 4 6 75 2 3 5 8 4 4 5 6 6 3 6 2 2 3
2 4 5 15 1 5 5 4 1 1 6 8 3 36 3 5 7 28 2 5 8 5 9 5 1 4 8 6 10 12 4 7 2 4 4 7 1 4 6 1 5 63 5 2 6 6 6 8 4 5 3 6 3 5 8 6
8 11 10 8 10 14 3 1 2 7 9 3 6 5 6 4 4 7 4 4 5 4 8 4 5 1 5 4 23 14 7 4 5 2 5 4 4 10 3 25 2 6 4 5 4 6 5 5 85 4 2 8 2 3 4 5
9 4 3 4 7 9 8 7 3 1 8 5 5 8 5 2 1 4 7 7 4 6 5 2 8 2 4 11 5 18 5 56 4 5 2 5 2 12 2 2 4 5 2 8 6 3 4 6 4 2 5 5 5 2 7 4
4 3 2 4 1 2 1 2 4 6 4 2 4 5 2 1 2 5 9 5 2 5 4 5 7 5 5 2 1 16 6 2 1 4 1 2 1 1 5 4 2 21 5 4 2 2 2 4 5 6 4 4 4 5 5 8
num_recipes 3
0 1 2 3
4 5 6 7
8 9 10 11
12 13 14 15
16 17 18 19
20 21
22 23
24 25 26 27
28 29 30 31
32 33 34 35
36 37 38 39
40 41 42 43
44 45 46 47
48 49 50 51
52 53 54 55
time_vector 20
0   1          2